   1.58647245663518e+10   4.50000000000000e+09   3.18198051533946e+09   4.50000000000000e+09   1.50000000000000e+09   1.42302494707577e+09   2.01246117974981e+09   2.25000000000000e+09   1.06066017177982e+09   1.24807544150677e+09   1.59099025766973e+09   1.24807544150677e+09   1.50000000000000e+09   2.25000000000000e+09   2.01246117974981e+09   1.42302494707577e+09
   4.50000000000000e+09   1.58647245663518e+10   4.50000000000000e+09   3.18198051533946e+09   2.25000000000000e+09   2.01246117974981e+09   3.18198051533946e+09   4.50000000000000e+09   1.24807544150677e+09   1.42302494707577e+09   2.01246117974981e+09   1.59099025766973e+09   1.42302494707577e+09   2.01246117974981e+09   2.25000000000000e+09   1.50000000000000e+09
   3.18198051533946e+09   4.50000000000000e+09   1.58647245663518e+10   4.50000000000000e+09   2.01246117974981e+09   2.25000000000000e+09   4.50000000000000e+09   3.18198051533946e+09   1.59099025766973e+09   2.01246117974981e+09   3.18198051533946e+09   2.01246117974981e+09   2.01246117974981e+09   3.18198051533946e+09   4.50000000000000e+09   2.25000000000000e+09
   4.50000000000000e+09   3.18198051533946e+09   4.50000000000000e+09   1.58647245663518e+10   1.42302494707577e+09   1.50000000000000e+09   2.25000000000000e+09   2.01246117974981e+09   1.24807544150677e+09   1.59099025766973e+09   2.01246117974981e+09   1.42302494707577e+09   2.25000000000000e+09   4.50000000000000e+09   3.18198051533946e+09   2.01246117974981e+09
   1.50000000000000e+09   2.25000000000000e+09   2.01246117974981e+09   1.42302494707577e+09   1.58647245663518e+10   4.50000000000000e+09   3.18198051533946e+09   4.50000000000000e+09   1.50000000000000e+09   1.42302494707577e+09   2.01246117974981e+09   2.25000000000000e+09   1.06066017177982e+09   1.24807544150677e+09   1.59099025766973e+09   1.24807544150677e+09
   1.42302494707577e+09   2.01246117974981e+09   2.25000000000000e+09   1.50000000000000e+09   4.50000000000000e+09   1.58647245663518e+10   4.50000000000000e+09   3.18198051533946e+09   2.25000000000000e+09   2.01246117974981e+09   3.18198051533946e+09   4.50000000000000e+09   1.24807544150677e+09   1.42302494707577e+09   2.01246117974981e+09   1.59099025766973e+09
   2.01246117974981e+09   3.18198051533946e+09   4.50000000000000e+09   2.25000000000000e+09   3.18198051533946e+09   4.50000000000000e+09   1.58647245663518e+10   4.50000000000000e+09   2.01246117974981e+09   2.25000000000000e+09   4.50000000000000e+09   3.18198051533946e+09   1.59099025766973e+09   2.01246117974981e+09   3.18198051533946e+09   2.01246117974981e+09
   2.25000000000000e+09   4.50000000000000e+09   3.18198051533946e+09   2.01246117974981e+09   4.50000000000000e+09   3.18198051533946e+09   4.50000000000000e+09   1.58647245663518e+10   1.42302494707577e+09   1.50000000000000e+09   2.25000000000000e+09   2.01246117974981e+09   1.24807544150677e+09   1.59099025766973e+09   2.01246117974981e+09   1.42302494707577e+09
   1.06066017177982e+09   1.24807544150677e+09   1.59099025766973e+09   1.24807544150677e+09   1.50000000000000e+09   2.25000000000000e+09   2.01246117974981e+09   1.42302494707577e+09   1.58647245663518e+10   4.50000000000000e+09   3.18198051533946e+09   4.50000000000000e+09   1.50000000000000e+09   1.42302494707577e+09   2.01246117974981e+09   2.25000000000000e+09
   1.24807544150677e+09   1.42302494707577e+09   2.01246117974981e+09   1.59099025766973e+09   1.42302494707577e+09   2.01246117974981e+09   2.25000000000000e+09   1.50000000000000e+09   4.50000000000000e+09   1.58647245663518e+10   4.50000000000000e+09   3.18198051533946e+09   2.25000000000000e+09   2.01246117974981e+09   3.18198051533946e+09   4.50000000000000e+09
   1.59099025766973e+09   2.01246117974981e+09   3.18198051533946e+09   2.01246117974981e+09   2.01246117974981e+09   3.18198051533946e+09   4.50000000000000e+09   2.25000000000000e+09   3.18198051533946e+09   4.50000000000000e+09   1.58647245663518e+10   4.50000000000000e+09   2.01246117974981e+09   2.25000000000000e+09   4.50000000000000e+09   3.18198051533946e+09
   1.24807544150677e+09   1.59099025766973e+09   2.01246117974981e+09   1.42302494707577e+09   2.25000000000000e+09   4.50000000000000e+09   3.18198051533946e+09   2.01246117974981e+09   4.50000000000000e+09   3.18198051533946e+09   4.50000000000000e+09   1.58647245663518e+10   1.42302494707577e+09   1.50000000000000e+09   2.25000000000000e+09   2.01246117974981e+09
   1.50000000000000e+09   1.42302494707577e+09   2.01246117974981e+09   2.25000000000000e+09   1.06066017177982e+09   1.24807544150677e+09   1.59099025766973e+09   1.24807544150677e+09   1.50000000000000e+09   2.25000000000000e+09   2.01246117974981e+09   1.42302494707577e+09   1.58647245663518e+10   4.50000000000000e+09   3.18198051533946e+09   4.50000000000000e+09
   2.25000000000000e+09   2.01246117974981e+09   3.18198051533946e+09   4.50000000000000e+09   1.24807544150677e+09   1.42302494707577e+09   2.01246117974981e+09   1.59099025766973e+09   1.42302494707577e+09   2.01246117974981e+09   2.25000000000000e+09   1.50000000000000e+09   4.50000000000000e+09   1.58647245663518e+10   4.50000000000000e+09   3.18198051533946e+09
   2.01246117974981e+09   2.25000000000000e+09   4.50000000000000e+09   3.18198051533946e+09   1.59099025766973e+09   2.01246117974981e+09   3.18198051533946e+09   2.01246117974981e+09   2.01246117974981e+09   3.18198051533946e+09   4.50000000000000e+09   2.25000000000000e+09   3.18198051533946e+09   4.50000000000000e+09   1.58647245663518e+10   4.50000000000000e+09
   1.42302494707577e+09   1.50000000000000e+09   2.25000000000000e+09   2.01246117974981e+09   1.24807544150677e+09   1.59099025766973e+09   2.01246117974981e+09   1.42302494707577e+09   2.25000000000000e+09   4.50000000000000e+09   3.18198051533946e+09   2.01246117974981e+09   4.50000000000000e+09   3.18198051533946e+09   4.50000000000000e+09   1.58647245663518e+10
